vec = [0.57
4055
2.52
0.57
4060
2.52
0.72
4065
2.52
1.00
4070
2.52
1.41
4075
2.52
1.63
4080
2.52
1.85
4085
2.52
2.00
4090
2.52
2.12
4096
2.52
2.20
4101
2.52
2.26
4106
2.52
2.32
4111
2.52
2.35
4116
2.52
2.38
4121
2.52
2.47
4126
2.52
2.42
4131
2.52
2.43
4136
2.52
2.45
4142
2.52
2.46
4147
2.52
2.47
4152
2.52
2.48
4157
2.52
2.48
4162
2.52
2.49
4167
2.52
2.50
4172
2.52
2.57
4177
2.52
2.51
4183
2.52
2.51
4188
2.52
2.52
4193
2.52
2.52
4198
2.52
2.53
4202
2.52
2.53
4208
2.52
2.53
4212
2.52
2.60
4218
2.52
2.53
4222
2.52
2.54
4229
2.52
2.54
4233
2.52
2.61
4238
2.52
2.54
4243
2.52
2.54
4248
2.52
2.54
4253
2.52
2.55
4258
2.52
2.55
4263
2.52
2.55
4269
2.52
2.55
4274
2.52
2.55
4279
2.52
2.55
4284
2.52
2.55
4289
2.52
2.55
4294
2.52
2.55
4299
2.52
2.56
4304
2.52
2.62
4310
2.52
2.62
4315
2.52
2.56
4319
2.52
2.56
4324
2.52
2.56
4329
2.52
2.56
4334
2.52
2.56
4339
2.52
2.55
4344
2.52
2.56
4349
2.52
2.55
4355
2.52
2.55
4360
2.52
2.55
4365
2.52
2.55
4370
2.52
2.61
4375
2.52
2.55
4380
2.52
2.55
4384
2.52
2.55
4389
2.52
2.61
4395
2.52
2.56
4400
2.52
2.55
4405
2.52
2.55
4410
2.52
2.55
4415
2.52
2.55
4420
2.52
2.54
4425
2.52
2.61
4430
2.52
2.60
4435
2.52
2.54
4441
2.52
2.54
4446
2.52
2.54
4451
2.52
2.54
4456
2.52
2.54
4461
2.52
2.60
4466
2.52
2.53
4471
2.52
2.53
4476
2.52
2.60
4482
2.52
2.59
4487
2.52
2.53
4492
2.52
2.53
4497
2.52
2.53
4502
2.52
2.53
4507
2.52
2.53
4512
2.52
2.53
4517
2.52
2.53
4523
2.52
2.60
4528
2.52
2.53
4533
2.52
2.53
4538
2.52
2.53
4543
2.52
2.53
4548
2.52
2.53
4553
2.52
2.53
4558
2.52
2.53
4563
2.52
2.60
4569
2.52
2.53
4574
2.52
2.53
4579
2.52
2.60
4584
2.52
2.53
4589
2.52
2.60
4594
2.52
2.60
4599
2.52
2.53
4604
2.52
2.53
4610
2.52
2.53
4615
2.52
2.53
4620
2.52
2.52
4625
2.52
2.52
4629
2.52
2.52
4634
2.52
2.52
4639
2.52
2.52
4644
2.52
2.52
4649
2.52
2.52
4655
2.52
2.52
4660
2.52
2.52
4665
2.52
2.52
4670
2.52
2.52
4675
2.52
2.52
4680
2.52
2.52
4684
2.52
2.52
4689
2.52
2.52
4695
2.52
2.52
4700
2.52
2.52
4705
2.52
2.52
4710
2.52
2.52
4715
2.52
2.52
4720
2.52
2.53
4725
2.52
2.59
4730
2.52
2.52
4736
2.52
2.52
4740
2.52
2.52
4745
2.52
2.59
4750
2.52
2.52
4755
2.52
2.53
4760
2.52
2.59
4765
2.52
2.53
4770
2.52
2.53
4775
2.52
2.53
4781
2.52
2.53
4786
2.52
2.53
4791
2.52
2.53
4795
2.52
2.53
4800
2.52
2.53
4805
2.52
2.53
4810
2.52
2.53
4815
2.52
2.53
4820
2.52
2.60
4826
2.52
2.54
4831
2.52
2.54
4836
2.52
2.54
4841
2.52
2.60
4846
2.52
2.54
4851
2.52
2.54
4856
2.52
2.54
4861
2.52
2.54
4867
2.52
2.55
4872
2.52
2.62
4877
2.52
2.56
4882
2.52
2.57
4887
2.52
2.57
4892
2.52
2.64
4897
2.52
2.59
4902
2.52
2.60
4908
2.52
2.60
4913
2.52
2.61
4918
2.52
2.62
4923
2.52
2.70
4928
2.52
2.64
4933
2.52
2.73
4938
2.52
2.68
4943
2.52
2.70
4948
2.52
2.72
4954
2.52
2.74
4959
2.52
2.77
4964
2.52
2.79
4969
2.52
2.81
4974
2.52
2.84
4979
2.52
2.86
4984
2.52
2.89
4989
2.52
2.97
4995
2.52
3.17
5000
2.52
3.41
5005
2.52
3.56
5010
2.52
3.65
5015
2.52
3.70
5020
2.52
3.71
5025
2.52
3.72
5030
2.52
3.74
5036
2.52
3.75
5040
2.52
3.77
5045
2.52
3.78
5050
2.52
3.80
5055
2.52
3.81
5060
2.52
3.83
5065
2.52
3.84
5070
2.52
3.85
5075
2.52
3.86
5081
2.52
3.88
5086
2.52
3.89
5091
2.52
3.90
5096
2.52
3.91
5100
2.52
3.92
5105
2.52
3.93
5110
2.52
3.94
5115
2.52
3.95
5121
2.52
3.96
5126
2.52
3.97
5131
2.52
3.98
5136
2.52
3.99
5141
2.52
4.00
5146
2.52
4.01
5151
2.52
4.02
5155
2.52
4.03
5160
2.52
4.04
5166
2.52
4.04
5171
2.52
4.05
5176
2.52
4.07
5181
2.52
4.07
5186
2.52
4.08
5191
2.52
4.08
5196
2.52
4.09
5201
2.52
4.10
5207
2.52
4.11
5211
2.52
4.11
5216
2.52
4.12
5221
2.52
4.13
5226
2.52
4.13
5231
2.52
4.14
5236
2.52
4.15
5241
2.52
4.16
5246
2.52
4.17
5252
2.52
4.18
5257
2.52
4.18
5262
2.52
4.19
5267
2.52
4.19
5272
2.52
4.20
5277
2.52
4.21
5282
2.52
4.21
5287
2.52
4.22
5293
2.52
4.22
5298
2.52
4.22
5303
2.52
4.22
5308
2.52
4.23
5313
2.52
4.23
5318
2.52
4.23
5323
2.52
4.23
5328
2.52
4.23
5334
2.52
4.23
5339
2.52
4.23
5344
2.52
4.23
5349
2.52
4.23
5354
2.52
4.23
5359
2.52
4.23
5364
2.52
4.23
5369
2.52
4.23
5374
2.52
4.23
5380
2.52
4.23
5385
2.52
4.23
5390
2.52
4.23
5395
2.52
4.24
5400
2.52
4.24
5405
2.52
4.23
5410
2.52
4.23
5415
2.52
4.23
5421
2.52
4.23
5426
2.52
4.23
5431
2.52
4.23
5436
2.52
4.23
5441
2.52
4.23
5446
2.52
4.24
5451
2.52
4.23
5456
2.52
4.23
5462
2.52
4.23
5466
2.52
4.23
5471
2.52
4.23
5476
2.52
4.24
5481
2.52
4.24
5486
2.52
4.23
5491
2.52
4.23
5496
2.52
4.24
5501
2.52
4.23
5507
2.52
4.23
5512
2.52
4.23
5517
2.52
4.23
5522
2.52
4.23
5527
2.52
4.23
5531
2.52
4.24
5536
2.52
4.23
5541
2.52
4.23
5547
2.52
4.24
5553
2.52
4.24
5557
2.52
4.24
5562
2.52
4.24
5567
2.52
4.24
5572
2.52
4.24
5577
2.52
4.24
5582
2.52
4.24
5587
2.52
4.24
5593
2.52
4.24
5599
2.52
4.24
5603
2.52
4.24
5609
2.52
4.24
5613
2.52
4.24
5619
2.52
4.24
5623
2.52
4.24
5628
2.52
4.24
5634
2.52
4.24
5639
2.52
4.24
5644
2.52
4.24
5649
2.52
4.24
5654
2.52
4.24
5659
2.52
4.25
5664
2.52
4.25
5669
2.52
4.24
5675
2.52
4.24
5680
2.52
4.25
5685
2.52
4.24
5690
2.52
4.25
5695
2.52
4.24
5700
2.52
4.24
5705
2.52
4.25
5710
2.52
4.24
5715
2.52
4.25
5721
2.52
4.25
5726
2.52
4.24
5731
2.52
4.25
5736
2.52
4.25
5741
2.52
4.25
5746
2.52
4.25
5751
2.52
4.25
5756
2.52
4.25
5762
2.52
4.25
5767
2.52
4.25
5772
2.52
4.25
5777
2.52
4.25
5781
2.52
4.25
5786
2.52
4.25
5791
2.52
4.25
5796
2.52
4.25
5801
2.52
4.25
5807
2.52
4.25
5812
2.52
4.25
5817
2.52
4.25
5822
2.52
4.25
5827
2.52
4.25
5832
2.52
4.25
5836
2.52
4.25
5841
2.52
4.25
5847
2.52
4.25
5852
2.52
4.25
5857
2.52
4.25
5862
2.52
4.25
5867
2.52
4.25
5872
2.52
4.25
5877
2.52
4.25
5882
2.52
4.25
5888
2.52
4.25
5893
2.52
4.25
5897
2.52
4.25
5902
2.52
4.25
5907
2.52
4.25
5912
2.52
4.25
5917
2.52
4.25
5922
2.52
4.25
5927
2.52
4.25
5933
2.52
4.25
5938
2.52
4.25
5943
2.52
4.25
5948
2.52
4.25
5953
2.52
4.25
5958
2.52
4.25
5963
2.52
4.25
5968
2.52
4.25
5974
2.52
4.25
5979
2.52
4.25
5984
2.52
4.25
5989
2.52
4.25
5994
2.52
4.26
5999
2.52
4.25
6004
2.52
4.25
6009
2.52
4.25
6014
2.52
4.25
6020
2.52
4.25
6025
2.52
4.25
6030
2.52
4.25
6035
2.52
4.25
6040
2.52
4.25
6045
2.52
4.25
6050
2.52
4.25
6055
2.52
4.25
6061
2.52
4.26
6066
2.52
4.25
6071
2.52
4.26
6076
2.52
4.26
6081
2.52
4.25
6086
2.52
4.25
6091
2.52
4.25
6096
2.52
4.25
6102
2.52
4.25
6107
2.52
4.25
6112
2.52
4.26
6117
2.52
4.25
6122
2.52
4.25
6127
2.52
4.25
6132
2.52
4.25
6137
2.52
4.25
6142
2.52
4.25
6148
2.52
4.26
6152
2.52
4.25
6157
2.52
4.25
6162
2.52
4.25
6167
2.52
4.25
6172
2.52
4.25
6177
2.52
4.25
6182
2.52
4.25
6188
2.52
4.25
6193
2.52
4.25
6198
2.52
4.26
6203
2.52
4.26
6208
2.52
4.25
6212
2.52
4.26
6217
2.52
4.25
6222
2.52
4.25
6227
2.52
4.25
6233
2.52
4.26
6238
2.52
4.26
6243
2.52
4.26
6248
2.52
4.25
6253
2.52
4.26
6258
2.52
4.25
6263
2.52
4.25
6268
2.52
4.25
6274
2.52
4.26
6279
2.52
4.25
6284
2.52
4.25
6289
2.52
4.26
6294
2.52
4.26
6299
2.52
4.25
6304
2.52
4.25
6309
2.52
4.26
6315
2.52
4.26
6320
2.52
4.26
6325
2.52
4.25
6330
2.52
4.25
6335
2.52
4.25
6340
2.52
4.25
6345
2.52
4.26
6350
2.52
4.26
6355
2.52
4.26
6361
2.52
4.25
6366
2.52
4.25
6371
2.52
4.25
6376
2.52
4.26
6381
2.52
4.25
6386
2.52
4.25
6391
2.52
4.26
6396
2.52
4.26
6402
2.52
4.26
6407
2.52
4.25
6412
2.52
4.25
6417
2.52
4.26
6422
2.52
4.25
6426
2.52
4.25
6432
2.52
4.25
6436
2.52
4.26
6443
2.52
4.26
6447
2.52
4.25
6452
2.52
4.26
6457
2.52
4.25
6462
2.52
4.26
6467
2.52
4.25
6472
2.52
4.26
6477
2.52
4.26
6482
2.52
4.26
6488
2.52
4.25
6493
2.52
4.26
6498
2.52
4.25
6503
2.52
4.26
6508
2.52
4.26
6512
2.52
4.26
6517
2.52
4.26
6522
2.52
4.26
6528
2.52
4.25
6533
2.52
4.26
6538
2.52
4.26
6543
2.52
4.26
6548
2.52
4.26
6553
2.52
4.26
6558
2.52
4.26
6562
2.52
4.26
6567
2.52
4.26
6573
2.52
4.26
6578
2.52
4.26
6583
2.52
4.26
6588
2.52
4.26
6593
2.52
4.26
6598
2.52
4.26
6603
2.52
4.25
6608
2.52
4.25
6614
2.52
4.26
6618
2.52
4.26
6623
2.52
4.25
6628
2.52
4.25
6633
2.52
4.26
6638
2.52
4.26
6643
2.52
4.26
6648
2.52
4.26
6653
2.52
4.25
6659
2.52
4.26
6664
2.52
4.26
6669
2.52
4.26
6673
2.52
4.26
6678
2.52
4.26
6683
2.52
4.26
6688
2.52
4.26
6693
2.52
4.26
6699
2.52
4.26
6704
2.52
4.26
6709
2.52
4.26
6714
2.52
4.26
6719
2.52
4.26
6724
2.52
4.26
6729
2.52
4.25
6734
2.52
4.26
6738
2.52
4.26
6744
2.52
4.26
6749
2.52
4.26
6754
