v_in = [0.00
0.00
0.00
0.00
4.61
0.00
4.61
0.00
0.00
0.00
4.61
0.00
0.00
0.00
0.00
0.00
4.61
4.61
0.00
0.00
0.00
0.00
0.00
0.00
0.00
0.00
4.62
4.61
4.61
0.00
0.00
0.00
0.00
0.00
0.00
0.00
0.00
4.61
4.62
0.00
0.00
0.00
0.00
0.00
0.00
0.00
0.00
0.00
4.62
4.61
0.00
0.00
0.00
0.00
0.00
0.00
0.00
0.00
4.61
4.61
4.61
0.00
0.00
0.00
0.00
0.00
0.00
0.00
0.00
4.62
4.61
0.00
0.00
0.00
0.00
0.00
0.00
0.00
0.00
0.00
4.61
4.61
0.00
0.00
0.00
0.00
0.00
0.00
0.00
0.00
4.61
4.61
4.61
0.00
0.00
0.00
0.00
0.00
0.00
0.00
0.00
4.61
4.61
0.00
0.00
0.00
0.00
0.00
0.00
0.00
0.00
0.00
4.62
4.61
0.00
0.00
0.00
0.00
0.00
0.00
0.00
0.00
4.61
4.61
4.61
0.00
0.00
0.00
0.00
0.00
0.00
0.00
0.00
4.61
4.62
0.00
0.00
0.00
0.00
0.00
0.00
0.00
0.00
0.00
4.62
4.61
0.00
0.00
0.00
0.00
0.00
0.00
0.00
0.00
4.61
4.61
4.61
0.00
0.00
0.00
0.00
0.00
0.00
0.00
0.00
4.61
4.61
0.00
0.00
0.00
0.00
0.00
0.00
0.00
0.00
0.00
4.61
4.61
0.00
0.00
0.00
0.00
0.00
0.00
0.00
0.00
4.61
4.62
4.61
0.00
0.00
0.00
0.00
0.00
0.00
0.00
0.00
4.62
4.61
0.00
0.00
0.00
0.00
0.00
0.00
0.00
0.00
0.00
4.61
4.61
0.00
0.00
0.00
0.00
0.00
0.00
0.00
0.00
4.61
4.61
4.61
0.00
0.00
0.00
0.00
0.00
0.00
0.00
0.00
4.62
4.61
0.00
0.00
0.00
0.00
0.00
0.00
0.00
0.00
0.00
4.61
4.61
0.00
0.00
0.00
0.00
0.00
0.00
0.00
0.00
4.62
4.62
4.61
0.00
0.00
0.00
0.00
0.00
0.00
0.00
0.00
4.62
4.61
0.00
0.00
0.00
0.00
0.00
0.00
0.00
0.00
0.00
4.61
4.61
0.00
0.00
0.00
0.00
0.00
0.00
0.00
0.00
4.61
4.62
4.61
0.00
0.00
0.00
0.00
0.00
0.00
0.00
0.00
4.61
4.61
0.00
0.00
0.00
0.00
0.00
0.00
0.00
0.00
0.00
4.62
4.61
0.00
0.00
0.00
0.00
0.00
0.00
0.00
0.00
4.61
4.61
4.61
0.00
0.00
0.00
0.00
0.00
0.00
0.00
0.00
4.61
4.61
0.00
0.00
0.00
0.00
0.00
0.00
0.00
0.00
0.00
4.61
4.61
0.00
0.00
0.00
0.00
0.00
0.00
0.00
0.00
4.61
4.61
4.61
0.00
0.00
0.00
0.00
0.00
0.00
0.00
0.00
4.61
4.61
0.00
0.00
0.00
0.00
0.00
0.00
0.00
0.00
0.00
4.61
4.61
0.00
0.00
0.00
0.00
0.00
0.00
0.00
0.00
4.61
4.61
4.61
0.00
0.00
0.00
0.00
0.00
0.00
0.00
0.00
4.61
4.61
0.00
0.00
0.00
0.00
0.00
0.00
0.00
0.00
0.00
4.61
4.61
0.00
0.00
0.00
0.00
0.00
0.00
0.00
0.00
4.61
4.61
4.61
0.00
0.00
0.00
0.00
0.00
0.00
0.00
0.00
4.62
4.61
0.00
0.00
0.00
0.00
0.00
0.00
0.00
0.00
0.00
4.61
4.61
0.00
0.00
0.00
0.00
0.00
0.00
0.00
0.00
4.62
4.61
4.61
0.00
0.00
0.00
0.00
0.00
0.00
0.00
0.00
4.62
4.61
0.00
0.00
0.00
0.00
0.00
0.00
0.00
0.00
0.00
4.62
4.61
0.00
0.00
0.00
0.00
0.00
0.00
0.00
0.00
4.61
4.62
4.61
0.00
0.00
0.00
0.00
0.00
0.00
0.00
0.00
4.61
4.61
0.00
0.00
0.00
0.00
0.00
0.00
0.00
0.00
0.00
4.61
4.61
0.00
0.00
4.61
0.00
4.62
0.00
4.62
0.00
4.62
0.00
4.62
0.00
4.61
0.00
0.00
0.00
0.00
0.00
0.00
0.00
4.61
4.61
4.61
4.61
0.00
0.00
0.00
0.00
0.00
0.00
4.61
4.61
4.62
4.61
4.61
0.00
0.00
0.00
0.00
0.00
0.00
4.61
4.61
4.62
4.61
0.00
0.00
0.00
0.00
0.00
0.00
0.00
4.61
4.61
4.61
4.61
0.00
0.00
0.00
0.00
0.00
0.00
4.61
4.61
4.61
4.61
4.61
0.00
0.00
0.00
0.00
0.00
0.00
4.62
4.61
4.61
4.61
0.00
0.00
0.00
0.00
0.00
0.00
0.00
4.61
4.61
4.61
4.61
0.00
0.00
0.00
0.00
0.00
0.00
4.61
4.61
4.61
4.61
4.61
0.00
0.00
0.00
0.00
0.00
0.00
4.61
4.61
4.61
4.61
0.00
0.00
0.00
0.00
0.00
0.00
0.00
4.61
4.61
4.61
4.61
0.00
0.00
0.00
0.00
0.00
0.00
4.61
4.61
4.61
4.62
4.61
0.00
0.00
0.00
0.00
0.00
0.00
4.61
4.61
4.61
4.61
0.00
0.00
0.00
0.00
0.00
0.00
0.00
4.61
4.61
4.61
4.61
0.00
0.00
0.00
0.00
0.00
0.00
4.61
4.61
4.61
4.61
4.61
0.00
0.00
0.00
0.00
0.00
0.00
4.62
4.61
4.61
4.61
0.00
0.00
0.00
0.00
0.00
0.00
0.00
4.61
4.62
4.61
4.61
0.00
0.00
0.00
0.00
0.00
0.00
4.61
4.61
4.61
4.61
4.61
0.00
0.00
0.00
0.00
0.00
0.00
4.62
4.61
4.62
4.61
0.00
0.00
0.00
0.00
0.00
0.00
0.00
4.61
4.61
4.62
4.61
0.00
0.00
0.00
0.00
0.00
0.00
4.61
4.62
4.61
4.61
4.61
0.00
0.00
0.00
0.00
0.00
0.00
4.62
4.62
4.61
4.62
0.00
0.00
0.00
0.00
0.00
0.00
0.00
4.61
4.61
4.61
4.61
0.00
0.00
0.00
0.00
0.00
0.00
4.62
4.61
4.61
4.62
4.61
0.00
0.00
0.00
0.00
0.00
0.00
4.62
4.61
4.61
4.61
0.00
0.00
0.00
0.00
0.00
0.00
0.00
4.62
4.61
4.62
4.61
0.00
0.00
0.00
0.00
0.00
0.00
4.61
4.61
4.62
4.61
4.61
0.00
0.00
0.00
0.00
0.00
0.00
4.61
4.62
4.61
4.61
0.00
0.00
0.00
0.00
0.00
0.00
0.00
4.61
4.61
4.61
4.61
0.00
0.00
0.00
0.00
0.00
0.00
4.61
4.61
4.61
4.61
4.61
0.00
0.00
0.00
0.00
0.00
0.00
4.62
4.61
4.61
4.61
0.00
0.00
0.00
0.00
0.00
0.00
0.00
4.61
4.61
4.61
4.61
0.00
0.00
0.00
0.00
0.00
0.00
4.61
4.61
4.61
4.61
4.61
0.00
0.00
0.00
0.00
0.00
0.00
4.61
4.61
4.61
4.61
0.00
0.00
0.00
0.00
0.00
0.00
0.00
4.61
4.61
4.62
4.61
0.00
0.00
0.00
0.00
0.00
0.00
4.61
4.61
4.61
4.61
4.61
0.00
0.00
0.00
0.00
0.00
0.00
4.61
4.61
4.61
4.61
0.00
0.00
0.00
0.00
0.00
0.00
0.00
4.61
4.61
4.61
4.61
0.00
0.00
0.00
0.00
0.00
0.00
4.62
4.62
4.61
4.61
4.61
0.00
0.00
0.00
0.00
0.00
0.00
4.61
4.62
4.61
4.61
0.00
0.00
0.00
0.00
0.00
0.00
0.00
4.61
4.61
4.62
4.61
0.00
0.00
0.00
0.00
0.00
0.00
4.61
4.61
4.61
4.61
4.61
0.00
0.00
0.00
0.00
0.00
0.00
4.61
4.61
4.61
4.61
0.00
0.00
0.00
0.00
0.00
0.00
0.00
4.61
4.61
4.62
4.61
0.00
0.00
0.00
0.00
0.00
0.00
4.61
4.61
4.61
4.61
4.61
0.00
0.00
0.00
0.00
0.00
0.00
4.61
4.61
4.62
4.61
0.00
0.00
0.00
0.00
0.00
0.00
0.00
4.61
4.61
4.61
4.61
0.00
4.61
0.00
4.61
0.00
4.61
0.00
4.61
0.00
4.61
4.61
4.61
4.61
0.00
0.00
0.00
0.00
0.00
4.61
4.61
4.61
4.61
4.61
4.61
0.00
0.00
0.00
0.00
4.61
4.61
4.61
4.62
4.61
4.61
4.61
0.00
0.00
0.00
0.00
4.61
4.61
4.61
4.61
4.62
4.61
0.00
0.00
0.00
0.00
0.00
4.61
4.61
4.61
4.61
4.61
4.61
0.00
0.00
0.00
0.00
4.61
4.61
4.61
4.61
4.61
4.61
4.61
0.00
0.00
0.00
0.00
4.61
4.61
4.61
4.61
4.61
4.61
0.00
0.00
0.00
0.00
0.00
4.61
4.61
4.61
4.61
4.61
4.61
0.00
0.00
0.00
0.00
4.61
4.62
4.61
4.61
4.61
4.61
4.60
0.00
0.00
0.00
0.00
4.61
4.62
4.61
4.61
4.61
4.61
0.00
0.00
0.00
0.00
0.00
4.61
4.61
4.61
4.61
4.61
4.61
0.00
0.00
0.00
0.00
4.62
4.61
4.61
4.61
4.61
4.61
4.61
0.00
0.00
0.00
0.00
4.61
4.61
4.61
4.61
4.61
4.61
0.00
0.00
0.00
0.00
0.00
4.61
4.61
4.61
4.61
4.61
4.61
0.00
0.00
0.00
0.00
4.61
4.61
4.61
4.61
4.61
4.61
4.60
0.00
0.00
0.00
0.00
4.61
4.61
4.61
4.61
4.61
4.61
0.00
0.00
0.00
0.00
0.00
4.61
4.61
4.61
4.61
4.61
4.61
0.00
0.00
0.00
0.00
4.61
4.61
4.61
4.61
4.61
4.61
4.61
0.00
0.00
0.00
0.00
4.61
4.61
4.61
4.61
4.61
4.61
0.00
0.00
0.00
0.00
0.00
4.61
4.61
4.61
4.61
4.61
4.61
0.00
0.00
0.00
0.00
4.61
4.61
4.61
4.61
4.61
4.61
4.61
0.00
0.00
0.00
0.00
4.61
4.61
4.61
4.61
4.61
4.61
0.00
0.00
0.00
0.00
0.00
4.61
4.61
4.61
4.61
4.61
4.61
0.00
0.00
0.00
0.00
4.61
4.61
4.61
4.61
4.61
4.61
4.61
0.00
0.00
0.00
0.00
4.61
4.61
4.61
4.61
4.61
4.61
0.00
0.00
0.00
0.00
0.00
4.61
4.61
4.61
4.61
4.61
4.61
0.00
0.00
0.00
0.00
4.62
4.61
4.61
4.61
4.61
4.61
4.61
0.00
0.00
0.00
0.00
4.62
4.61
4.61
4.61
4.61
4.61
0.00
0.00
0.00
0.00
0.00
4.62
4.61
4.61
4.61
4.61
4.61
0.00
0.00
0.00
0.00
4.61
4.61
4.61
4.61
4.61
4.61
4.61
0.00
0.00
0.00
0.00
4.61
4.61
4.61
4.61
4.61
4.61
0.00
0.00
0.00
0.00
0.00
4.61
4.61
4.61
4.61
4.61
4.61
0.00
0.00
0.00
0.00
4.61
4.61
4.61
4.61
4.61
4.61
4.61
0.00
0.00
0.00
0.00
4.61
4.61
4.61
4.61
4.61
4.61
0.00
0.00
0.00
0.00
0.00
4.61
4.61
4.61
4.61
4.61
4.60
0.00
0.00
0.00
0.00
4.61
4.61
4.61
4.61
4.61
4.61
4.61
0.00
0.00
0.00
0.00
4.61
4.61
4.61
4.61
4.61
4.61
0.00
0.00
0.00
0.00
0.00
4.61
4.61
4.61
4.61
4.61
4.61
0.00
0.00
0.00
0.00
4.61
4.61
4.61
4.61
4.61
4.61
4.61
0.00
0.00
0.00
0.00
4.62
4.61
4.61
4.61
4.61
4.61
0.00
0.00
0.00
0.00
0.00
4.61
4.61
4.61
4.61
4.61
4.61
0.00
0.00
0.00
0.00
4.61
4.61
4.61
4.61
4.61
4.61
4.61
0.00
0.00
0.00
0.00
4.62
4.61
4.61
4.61
4.61
4.61
0.00
0.00
0.00
0.00
0.00
4.61
4.61
4.61
4.62
4.61
4.61
0.00
0.00
0.00
0.00
4.61
4.61
4.61
4.61
4.61
4.61
4.60
0.00
0.00
0.00
0.00
4.61
4.61
4.61
4.61
4.61
4.61
0.00
0.00
0.00
0.00
0.00
0.00
4.61
4.62
4.61
4.62
4.62
4.61
4.61
0.00
4.61
0.00
4.61
4.61
4.61
4.61
4.61
4.61
4.61
4.61
4.61
0.00
0.00
4.61
4.61
4.61
4.61
4.61
4.61
4.61
4.61
4.61
0.00
0.00
4.61
4.61
4.61
4.61
4.61
4.61
4.61
4.61
0.00
0.00
4.61
4.61
4.61
4.61
4.61
4.61
4.61
4.61
4.60
0.00
0.00
4.61
4.61
4.61
4.61
4.61
4.61
4.61
4.61
4.60
0.00
0.00
4.61
4.61
4.61
4.61
4.61
4.61
4.61
4.61
0.00
0.00
4.61
4.61
4.61
4.61
4.61
4.61
4.61
4.61
4.61
0.00
0.00
4.61
4.61
4.61
4.61
4.61
4.61
4.61
4.61
4.60
0.00
0.00
4.61
