res1 = [
0.82 20.00 0 8637
0.25 20.00 0 8896
0.26 20.00 8 8907
0.45 20.00 13 8918
0.99 20.00 17 8928
1.89 20.00 22 8938
3.31 20.00 26 8949
4.87 20.00 30 8960
6.54 20.00 33 8970
8.10 20.00 36 8980
9.52 20.00 39 8991
10.71 20.00 41 9001
11.91 20.00 43 9012
12.87 20.00 45 9023
13.53 20.00 47 9033
14.22 20.00 48 9043
14.86 20.00 50 9054
15.36 20.00 51 9065
15.96 20.00 52 9075
16.14 20.00 53 9085
16.50 20.00 54 9097
16.78 20.00 54 9107
16.96 20.00 56 9118
17.24 20.00 56 9128
17.63 20.00 57 9139
17.83 20.00 58 9150
18.02 20.00 58 9160
18.02 20.00 58 9171
18.12 20.00 59 9182
18.22 20.00 59 9192
18.32 20.00 60 9203
18.53 20.00 60 9213
18.73 20.00 60 9225
18.53 20.00 60 9235
18.63 20.00 61 9245
18.84 20.00 61 9256
18.73 20.00 61 9267
18.73 20.00 61 9277
18.73 20.00 61 9288
18.73 20.00 61 9298
18.94 20.00 61 9310
18.94 20.00 61 9320
18.73 20.00 61 9330
18.73 20.00 61 9341
18.73 20.00 61 9352
18.73 20.00 61 9362
18.73 20.00 61 9373
18.73 20.00 61 9383
18.73 20.00 61 9394
18.73 20.00 61 9405
18.73 20.00 61 9415
18.73 20.00 61 9425
18.73 20.00 61 9437
18.73 20.00 61 9447
18.94 20.00 61 9457
18.73 20.00 61 9468
18.73 20.00 61 9479
18.73 20.00 61 9490
18.73 20.00 61 9500
18.73 20.00 61 9511
18.73 20.00 61 9522
18.73 20.00 61 9532
18.73 20.00 61 9543
18.73 20.00 61 9553
18.73 20.00 61 9564
18.73 20.00 61 9575
18.73 20.00 61 9585
18.73 20.00 61 9595
18.73 20.00 61 9607
18.73 20.00 61 9617
18.73 20.00 61 9628
18.73 20.00 61 9638
18.94 20.00 61 9650
18.73 20.00 61 9660
18.84 20.00 61 9670
18.73 20.00 61 9681
18.73 20.00 61 9692
18.73 20.00 61 9702
18.73 20.00 61 9713
18.73 20.00 61 9723
18.94 20.00 61 9735
18.73 20.00 61 9745
18.73 20.00 61 9755
18.73 20.00 61 9766
18.73 20.00 61 9777
18.94 20.00 61 9788
18.94 20.00 61 9798
18.73 20.00 61 9808
18.73 20.00 61 9820
18.73 20.00 61 9830
18.73 20.00 61 9841
18.94 20.00 61 9851
18.73 20.00 61 9862
18.73 20.00 61 9873
18.73 20.00 61 9883
18.73 20.00 61 9894
18.73 20.00 61 9906
18.73 20.00 61 9916
18.73 20.00 61 9927
18.84 20.00 61 9937
18.73 20.00 61 9948
18.73 20.00 61 10195
18.73 20.00 61 10206
19.15 20.00 61 10217
19.37 20.00 61 10227
19.91 20.00 61 10238
20.36 20.00 61 10249
20.93 20.00 61 10260
21.40 20.00 61 10270
21.76 20.00 60 10281
22.25 20.00 60 10292
22.38 20.00 59 10302
22.50 20.00 59 10313
22.76 20.00 58 10323
22.76 20.00 57 10335
22.89 20.00 56 10345
22.89 20.00 56 10355
23.01 20.00 55 10366
23.14 20.00 54 10377
22.89 20.00 53 10388
23.14 20.00 53 10398
23.01 20.00 52 10409
23.01 20.00 50 10420
22.89 20.00 50 10431
23.01 20.00 49 10441
23.01 20.00 48 10452
22.89 20.00 47 10463
22.63 20.00 47 10473
22.63 20.00 46 10484
22.50 20.00 45 10494
22.38 20.00 45 10506
22.38 20.00 44 10516
22.25 20.00 43 10526
22.25 20.00 43 10537
22.25 20.00 42 10548
22.01 20.00 42 10558
22.01 20.00 41 10569
21.88 20.00 40 10579
21.88 20.00 40 10591
22.01 20.00 39 10601
21.64 20.00 39 10612
21.64 20.00 38 10622
21.52 20.00 38 10634
21.64 20.00 37 10644
21.40 20.00 37 10655
21.28 20.00 37 10665
21.28 20.00 36 10676
21.16 20.00 36 10687
21.05 20.00 36 10697
21.05 20.00 35 10708
21.05 20.00 35 10719
21.05 20.00 35 10730
20.93 20.00 34 10740
20.93 20.00 34 10752
20.81 20.00 34 10762
20.93 20.00 34 10772
20.81 20.00 34 10783
20.81 20.00 34 10793
20.81 20.00 34 10805
20.81 20.00 34 10815
20.81 20.00 34 10825
20.81 20.00 34 10836
20.70 20.00 33 10847
20.70 20.00 33 10858
20.81 20.00 33 10868
20.58 20.00 33 10878
20.58 20.00 33 10890
20.58 20.00 33 10900
20.58 20.00 33 10911
20.70 20.00 33 10921
20.58 20.00 33 10932
20.58 20.00 33 10943
20.81 20.00 33 10953
20.58 20.00 33 10964
20.58 20.00 33 10975
20.58 20.00 33 10985
20.70 20.00 33 10996
20.58 20.00 33 11006
20.58 20.00 33 11018
20.70 20.00 33 11028
20.70 50.00 33 11290
21.16 50.00 39 11300
22.38 50.00 53 11311
23.80 50.00 59 11322
25.47 50.00 65 11332
27.27 50.00 71 11343
29.05 50.00 76 11354
30.43 50.00 81 11364
31.89 50.00 86 11375
33.23 50.00 90 11386
34.43 50.00 94 11397
35.90 50.00 98 11408
36.99 50.00 101 11418
37.90 50.00 104 11428
38.83 50.00 107 11440
39.31 50.00 110 11450
39.79 50.00 113 11461
40.78 50.00 117 11471
41.03 50.00 120 11483
41.80 50.00 122 11493
42.32 50.00 123 11503
46.51 50.00 167 11764
49.59 50.00 168 11774
50.56 50.00 167 11786
50.89 50.00 167 11796
50.89 50.00 167 11807
50.24 50.00 167 11817
49.91 50.00 167 11829
49.59 50.00 167 11839
49.27 50.00 167 11849
49.27 50.00 167 11860
48.32 50.00 167 11871
48.02 50.00 168 11882
48.32 50.00 168 11892
48.32 50.00 169 11904
48.02 50.00 169 11914
47.71 50.00 170 11924
47.40 50.00 170 11935
47.40 50.00 170 11945
47.40 50.00 171 11957
47.71 50.00 172 11967
47.71 50.00 172 11978
47.40 50.00 173 11988
47.10 50.00 173 11999
47.40 50.00 174 12010
47.71 50.00 174 12020
47.40 50.00 175 12032
47.71 50.00 176 12042
48.02 50.00 176 12053
47.40 50.00 177 12063
48.02 50.00 177 12075
48.02 50.00 178 12085
48.02 50.00 178 12096
48.02 50.00 179 12106
48.32 50.00 179 12116
48.32 50.00 180 12128
48.32 50.00 180 12138
48.32 50.00 180 12149
48.32 50.00 181 12160
48.64 50.00 181 12170
48.64 50.00 181 12181
48.64 50.00 182 12191
48.64 50.00 182 12203
48.64 50.00 182 12213
48.64 50.00 183 12224
48.64 50.00 183 12234
48.64 50.00 183 12246
48.64 50.00 183 12256
48.32 50.00 184 12266
48.95 50.00 184 12277
48.95 50.00 184 12288
48.95 50.00 184 12299
48.95 50.00 184 12309
48.95 50.00 185 12320
49.27 50.00 185 12331
49.27 50.00 185 12342
49.27 50.00 185 12352
49.27 50.00 185 12363
48.64 50.00 185 12374
48.64 50.00 185 12385
48.64 50.00 186 12395
48.95 50.00 186 12406
49.59 50.00 186 12417
49.27 50.00 186 12427
49.59 50.00 186 12438
50.24 50.00 186 12448
49.27 50.00 186 12459
49.27 50.00 186 12470
49.27 50.00 186 12480
48.95 50.00 186 12491
48.95 50.00 186 12502
49.27 50.00 186 12513
49.59 50.00 186 12523
48.95 50.00 186 12534
48.95 50.00 186 12545
49.27 50.00 186 12556
48.64 50.00 186 12566
49.27 50.00 186 12576
49.27 50.00 186 12588
48.95 50.00 186 12598
49.27 50.00 186 12609
49.27 50.00 186 12619
48.95 50.00 186 12632
48.95 50.00 186 12642
48.95 50.00 186 12652
49.27 50.00 186 12663
48.95 50.00 186 12675
49.27 50.00 186 12685
48.95 50.00 186 12695
48.95 50.00 186 12706
48.95 50.00 186 12717
48.95 50.00 186 12728
49.27 50.00 186 12738
49.27 50.00 186 12749
49.27 50.00 186 12760
49.27 50.00 186 12770
49.27 50.00 186 12781
49.27 50.00 186 12791
49.27 50.00 186 12803
49.27 50.00 186 12813
49.27 50.00 186 13073
49.59 50.00 186 13084
49.59 50.00 186 13094
50.24 50.00 186 13106
50.56 50.00 186 13116
50.56 50.00 186 13126
51.56 50.00 185 13137
51.90 50.00 185 13148
51.56 50.00 185 13159
51.56 50.00 184 13169
52.24 50.00 184 13180
51.56 50.00 183 13191
51.90 50.00 182 13201
51.90 50.00 182 13212
52.59 50.00 181 13222
51.90 50.00 181 13234
52.24 50.00 180 13244
52.24 50.00 179 13255
52.93 50.00 179 13265
52.24 50.00 178 13277
52.59 50.00 177 13287
52.59 50.00 177 13298
52.59 50.00 176 13308
51.90 50.00 175 13319
51.90 50.00 175 13330
52.24 50.00 174 13340
52.24 50.00 173 13351
51.56 50.00 173 13362
51.56 50.00 172 13373
51.56 50.00 172 13383
52.24 50.00 172 13394
51.90 50.00 171 13405
51.56 50.00 170 13416
51.90 50.00 169 13426
51.90 50.00 169 13436
51.56 50.00 169 13448
51.56 50.00 168 13458
50.89 50.00 168 13469
51.56 50.00 168 13479
51.56 50.00 167 13491
51.56 50.00 167 13501
51.23 50.00 167 13511
51.56 50.00 167 13522
51.23 50.00 166 13533
51.23 50.00 166 13544
50.89 50.00 165 13554
50.56 50.00 165 13565
51.23 50.00 165 13576
50.56 50.00 164 13587
50.24 50.00 164 13597
50.89 50.00 164 13607
50.89 50.00 164 13619
50.24 50.00 164 13629
50.24 50.00 163 13640
50.56 50.00 163 13650
50.89 50.00 163 13662
50.89 50.00 163 13672
50.56 50.00 163 13682
50.56 50.00 163 13693
50.89 50.00 163 13704
50.89 20.00 156 13954
48.64 20.00 150 13964
47.40 20.00 143 13975
45.63 20.00 130 13985
43.66 20.00 124 13997
42.06 20.00 118 14007
41.03 20.00 113 14017
39.55 20.00 108 14028
37.67 20.00 104 14039
36.55 20.00 99 14050
35.68 20.00 95 14060
34.43 20.00 91 14070
33.42 20.00 88 14082
32.45 20.00 85 14092
31.70 20.00 82 14102
31.33 20.00 79 14113
30.25 20.00 76 14125
