s = [3.94
220
3.94
812
3.94
1404
3.94
2044
3.94
2692
3.94
3324
3.95
5684
3.94
18164
3.94
31684
3.95
45204
3.94
58724
3.94
72244
3.94
85764
3.94
99284
3.95
112804
3.94
127364
3.94
141924
3.94
156484
3.95
171044
3.95
185604
3.94
200164
3.94
214724
3.94
229284
3.95
243844
3.94
258404
3.94
272964
3.95
287524
3.94
302084
3.94
316644
3.94
331204
3.95
345764
3.94
360324
3.95
374884
3.94
389444
3.94
404004
3.94
418564
3.94
433124
3.94
447684
3.94
462244
3.94
476804
3.95
491364
3.94
505924
3.94
520484
3.94
535044
3.95
549604
3.94
564164
3.95
578724
3.94
593284
3.94
607844
3.94
622404
3.94
636964
3.94
651524
3.94
666084
3.94
680644
3.95
695204
3.94
709764
3.94
724324
3.94
738884
3.94
753444
3.94
768004
3.94
782564
3.94
797124
3.94
811684
3.95
826244
3.94
840804
3.94
855364
3.94
869924
3.94
884484
3.94
899044
3.94
913604
3.94
928164
3.94
942724
3.94
957284
3.94
971844
3.94
986404
3.94
1000964
3.94
1016564
3.94
1032164
3.94
1047764
3.94
1063364
3.94
1078964
3.94
1094564
3.94
1110164
3.94
1125764
3.94
1141364
3.94
1156964
3.94
1172564
3.94
1188164
3.94
1203764
3.94
1219364
3.94
1234964
3.94
1250564
3.94
1266164
3.94
1281764
3.94
1297364
3.94
1312964
3.94
1328564
3.94
1344164
3.95
1359764
3.95
1375364
3.94
2390988
3.94
2391764
3.93
2392540
3.93
2393316
3.92
2394092
3.90
2401652
3.89
2417252
3.88
2432852
3.88
2448452
3.88
2464052
3.88
2479652
3.88
2495252
3.88
2510852
3.86
2526452
3.89
2542052
3.88
2557652
3.88
2573252
3.88
2588852
3.85
2604452
3.88
2620052
3.88
2635652
3.88
2651252
3.88
2666852
3.88
2682452
3.88
2698052
3.88
2713652
3.88
2729252
3.86
2744860
3.88
2760452
3.88
2776052
3.86
2791652
3.89
2807252
3.88
2822852
3.89
2838452
3.88
2854052
3.85
2869652
3.88
2885252
3.88
2900852
3.88
2916452
3.88
2932052
3.88
2947652
3.88
2963252
3.88
2978852
3.88
2994452
3.88
3010052
3.88
3025652
3.88
3041252
3.85
3056852
3.89
3072452
3.88
3088052
3.88
3103652
3.88
3119252
3.86
3134852
3.88
3150452
3.88
3166052
3.88
3181652
3.88
3197252
3.88
3212852
3.88
3228452
3.88
3244052
3.88
3259652
3.88
3275252
3.88
3290852
3.88
3306452
3.86
3322052
3.88
3337652
3.88
3353252
3.89
3368852
3.88
3384452
3.85
3400052
3.88
3415652
3.88
3431252
3.88
3446852
3.88
3462452
3.88
3478052
3.88
3493652
3.88
3509252
3.88
3524852
3.88
3540452
3.88
3556052
3.88
3571652
3.85
3587252
3.88
3602852
3.88
3618452
3.88
3634052
3.88
3649652
3.85
3665252
3.88
3680852
3.88
3696452
3.88
3712052
3.88
3727652
3.88
3743260
3.88
3758852
3.88
3774452
3.88
3790052
3.88
3805652
3.88
3821252
3.88
3836852
3.86
3852452
3.88
3868052
3.94
4883668
3.90
4884436
3.93
4885220
3.92
4885988
3.91
4886756
3.86
4894332
3.84
4909932
3.83
4925532
3.83
4941132
3.80
4956732
3.83
4972332
3.81
4987932
3.83
5003532
3.83
5019132
3.83
5034732
3.82
5050332
3.80
5065932
3.83
5081532
3.83
5097132
3.82
5112732
3.82
5128332
3.80
5143932
3.83
5159532
3.83
5175132
3.82
5190732
3.83
5206332
3.80
5221932
3.83
5237532
3.81
5253132
3.83
5268732
3.83
5284332
3.82
5299932
3.82
5315532
3.80
5331132
3.83
5346732
3.83
5362332
3.83
5377932
3.82
5393532
3.80
5409132
3.82
5424732
3.83
5440332
3.83
5455932
3.83
5471532
3.83
5487140
3.82
5502732
3.81
5518332
3.83
5533932
3.83
5549532
3.82
5565132
3.83
5580732
3.80
5596332
3.83
5611936
3.83
5627532
3.82
5643132
3.83
5658732
3.80
5674332
3.82
5689932
3.83
5705532
3.82
5721132
3.83
5736732
3.82
5752340
3.82
5767932
3.81
5783532
3.83
5799132
3.83
5814732
3.82
5830332
3.82
5845932
3.80
5861532
3.83
5877132
3.82
5892732
3.83
5908332
3.82
5923932
3.80
5939532
3.82
5955132
3.83
5970732
3.82
5986332
3.83
6001932
3.80
6017532
3.82
6033132
3.81
6048732
3.83
6064332
3.82
6079932
3.82
6095532
3.82
6111132
3.80
6126732
3.83
6142332
3.83
6157932
3.83
6173532
3.83
6189132
3.80
6204732
3.82
6220332
3.83
6235932
3.83
6251532
3.82
6267132
3.80
6282732
3.83
6298332
3.80
6313932
3.83
6329532
3.83
6345132
3.82
6360732
3.94
7376348
3.93
7377116
3.92
7377900
3.91
7378676
3.89
7379444
3.82
7387020
3.78
7402620
3.77
7418220
3.76
7433820
3.73
7449420
3.75
7465020
3.73
7480620
3.75
7496228
3.76
7511820
3.73
7527420
3.75
7543020
3.73
7558620
3.76
7574220
3.75
7589820
3.75
7605420
3.75
7621024
3.73
7636620
3.76
7652220
3.76
7667820
3.76
7683420
3.75
7699020
3.73
7714620
3.75
7730220
3.73
7745820
3.75
7761428
3.75
7777020
3.73
7792620
3.75
7808220
3.73
7823820
3.76
7839420
3.75
7855020
3.75
7870620
3.76
7886220
3.73
7901820
3.76
7917420
3.76
7933020
3.76
7948620
3.75
7964220
3.73
7979820
3.75
7995420
3.73
8011020
3.76
8026620
3.76
8042220
3.73
8057820
3.75
8073420
3.73
8089020
3.76
8104620
3.75
8120220
3.75
8135820
3.75
8151420
3.73
8167020
3.76
8182620
3.76
8198220
3.76
8213820
3.75
8229420
3.73
8245020
3.75
8260620
3.73
8276220
3.76
8291820
3.76
8307420
3.73
8323020
3.75
8338620
3.73
8354220
3.76
8369820
3.76
8385420
3.75
8401020
3.75
8416620
3.73
8432220
3.76
8447820
3.76
8463420
3.75
8479020
3.73
8494628
3.73
8510220
3.75
8525820
3.73
8541420
3.76
8557020
3.76
8572620
3.73
8588220
3.75
8603820
3.73
8619424
3.76
8635020
3.76
8650620
3.75
8666220
3.75
8681820
3.72
8697420
3.75
8713020
3.76
8728620
3.76
8744220
3.73
8759828
3.73
8775420
3.76
8791020
3.73
8806620
3.75
8822220
3.75
8837820
3.73
8853420
3.93
9869036
3.92
9869804
3.88
9870580
3.90
9871356
3.88
9872132
3.77
9879708
3.71
9895308
3.66
9910908
3.68
9926508
3.65
9942108
3.67
9957708
3.65
9973308
3.67
9988908
3.67
10004508
3.67
10021148
3.67
10037788
3.67
10054428
3.65
10071068
3.65
10087708
3.65
10104348
3.65
10120988
3.65
10137628
3.65
10154268
3.64
10170908
3.65
10187548
3.65
10204188
3.64
10220828
3.66
10237468
3.67
10254108
3.67
10270748
3.67
10287388
3.67
10304028
3.67
10320668
3.67
10337308
3.67
10353948
3.67
10370588
3.67
10387228
3.67
10403868
3.67
10420508
3.67
10437148
3.67
10453788
3.67
10470428
3.65
10487068
3.65
10503708
3.65
10520348
3.65
10536988
3.65
10553628
3.64
10570268
3.64
10586908
3.64
10603548
3.64
10620188
3.64
10636828
3.64
10653468
3.67
10670108
3.67
10686748
3.67
10703388
3.67
10720028
3.67
10736668
3.67
10753308
3.67
10769948
3.67
10786588
3.67
10803228
3.67
10819868
3.67
10836508
3.67
10853148
3.67
10869788
3.67
10886428
3.67
10903068
3.65
10919708
3.65
10936348
3.65
10952988
3.65
10969628
3.65
10986268
3.64
11002908
3.64
11019548
3.65
11036188
3.64
11052828
3.64
11069468
3.67
11086108
3.67
11102748
3.67
11119388
3.67
11136028
3.67
11152668
3.67
11169308
3.67
11185948
3.67
11202588
3.67
11219228
3.67
11235868
3.67
11252508
3.67
11269148
3.67
11285788
3.67
11302428
3.67
11319068
3.65
11335708
3.65
11352348
3.65
11368988
3.64
11385628
3.65
11402268
3.64
11418908
3.64
11435548
3.91
12452204
3.92
12453020
3.90
12453844
3.89
12454668
3.84
12455484
3.67
12468084
3.61
12484724
3.59
12501364
3.58
12518004
3.58
12534644
3.58
12551284
3.57
12567924
3.57
12584564
3.57
12601204
3.57
12617844
3.57
12634484
3.54
12651124
3.54
12667764
3.54
12684404
3.54
12701044
3.53
12717684
3.54
12734324
3.54
12750964
3.54
12767604
3.54
12784244
3.54
12800884
3.54
12817524
3.54
12834164
3.54
12850804
3.56
12867444
3.56
12884084
3.56
12900724
3.56
12917364
3.57
12934004
3.56
12950644
3.57
12967284
3.56
12983924
3.57
13000564
3.57
13017204
3.57
13033844
3.57
13050484
3.57
13067124
3.54
13083764
3.54
13100404
3.54
13117044
3.54
13133684
3.54
13150324
3.53
13166964
3.54
13183604
3.54
13200244
3.54
13216884
3.54
13233524
3.54
13250164
3.54
13266804
3.54
13283444
3.56
13300084
3.57
13316724
3.57
13333364
3.57
13350004
3.57
13366644
3.57
13383284
3.56
13399924
3.57
13416564
3.57
13433204
3.56
13449844
3.56
13466484
3.57
13483124
3.54
13499764
3.54
13516404
3.54
13533044
3.54
13549684
3.53
13566324
3.53
13582964
3.54
13599604
3.54
13616244
3.54
13632884
3.54
13649524
3.54
13666164
3.54
13682804
3.54
13699444
3.56
13716084
3.57
13732724
3.57
13749364
3.56
13766004
3.57
13782644
3.57
13799284
3.57
13815924
3.56
13832564
3.57
13849204
3.57
13865844
3.57
13882484
3.57
13899124
3.57
13915764
3.54
13932404
3.54
13949044
3.54
13965684
3.54
13982324
3.53
13998964
3.53
14015604
3.54
14032244
3.90
15048900
3.89
15049716
3.90
15050540
3.87
15051364
3.82
15052180
3.56
15064772
3.46
15081412
3.44
