s = [0.37
216
0.37
792
0.38
1376
0.40
2008
0.42
2640
0.44
3272
0.55
5680
1.17
18160
1.62
31680
1.85
45200
1.97
58720
2.04
72240
2.08
85760
2.11
99280
2.13
112800
2.15
127360
2.16
141920
2.17
156480
2.21
171040
2.19
185600
2.19
200160
2.20
214720
2.20
229280
2.21
243840
2.21
258400
2.21
272960
2.21
287520
2.21
302080
2.22
316640
2.22
331200
2.22
345760
2.22
360320
2.22
374888
2.22
389440
2.22
404000
2.23
418560
2.22
433120
2.22
447680
2.23
462240
2.23
476800
2.22
491360
2.23
505920
2.23
520480
2.23
535040
2.23
549600
2.23
564160
2.25
578720
2.23
593280
2.23
607840
2.23
622400
2.23
636960
2.23
651520
2.23
666080
2.23
680640
2.23
695200
2.24
709760
2.23
724320
2.23
738880
2.23
753440
2.23
768000
2.26
782560
2.23
797120
2.23
811680
2.23
826240
2.23
840808
2.23
855360
2.23
869920
2.23
884480
2.23
899040
2.26
913600
2.23
928160
2.23
942720
2.23
957280
2.23
971840
2.23
986400
2.23
1000960
2.23
1016560
2.23
1032160
2.26
1047760
2.23
1063360
2.23
1078960
2.24
1094560
2.24
1110160
2.26
1125760
2.24
1141360
2.24
1156960
2.23
1172560
2.23
1188160
2.24
1203760
2.24
1219360
2.23
1234960
2.24
1250560
2.24
1266160
2.24
1281760
2.24
1297360
2.26
1312960
2.23
1328560
2.23
1344160
2.24
1359760
2.24
1375360
0.52
2390976
0.54
2391744
0.57
2392520
0.61
2393288
0.66
2394048
1.33
2401648
2.22
2417248
2.50
2432848
2.60
2448448
2.65
2464048
2.70
2479648
2.69
2495248
2.71
2510848
2.72
2526448
2.72
2542048
2.75
2557648
2.73
2573248
2.73
2588848
2.74
2604448
2.74
2620048
2.77
2635648
2.74
2651248
2.74
2666848
2.74
2682448
2.74
2698048
2.75
2713648
2.74
2729248
2.77
2744848
2.75
2760448
2.75
2776052
2.75
2791648
2.75
2807248
2.78
2822848
2.75
2838448
2.76
2854048
2.75
2869648
2.75
2885248
2.78
2900848
2.75
2916448
2.75
2932048
2.75
2947648
2.75
2963248
2.76
2978848
2.76
2994448
2.78
3010048
2.76
3025648
2.76
3041248
2.75
3056848
2.76
3072448
2.78
3088048
2.75
3103648
2.75
3119248
2.76
3134848
2.76
3150448
2.78
3166048
2.76
3181648
2.76
3197248
2.76
3212848
2.76
3228448
2.76
3244048
2.76
3259648
2.78
3275248
2.76
3290848
2.76
3306448
2.76
3322048
2.76
3337648
2.79
3353248
2.76
3368848
2.76
3384448
2.76
3400048
2.76
3415648
2.79
3431248
2.75
3446848
2.76
3462448
2.76
3478048
2.76
3493648
2.76
3509248
2.76
3524848
2.78
3540448
2.76
3556048
2.76
3571648
2.76
3587248
2.76
3602848
2.79
3618448
2.76
3634048
2.76
3649648
2.76
3665248
2.76
3680848
2.78
3696448
2.76
3712048
2.76
3727648
2.76
3743248
2.76
3758848
2.76
3774452
2.76
3790048
2.78
3805648
2.76
3821248
2.76
3836848
2.76
3852448
2.76
3868048
0.55
4883664
0.56
4884424
0.58
4885200
0.63
4885968
0.69
4886736
1.49
4894328
2.47
4909928
2.70
4925528
2.79
4941128
2.83
4956728
2.86
4972328
2.90
4987928
2.88
5003528
2.91
5019128
2.89
5034728
2.90
5050328
2.90
5065928
2.90
5081528
2.93
5097128
2.91
5112728
2.91
5128328
2.91
5143928
2.91
5159528
2.94
5175128
2.92
5190728
2.91
5206328
2.91
5221928
2.92
5237528
2.95
5253128
2.92
5268728
2.95
5284328
2.92
5299928
2.92
5315528
2.92
5331128
2.92
5346728
2.95
5362328
2.92
5377928
2.92
5393528
2.92
5409128
2.92
5424728
2.95
5440328
2.92
5455928
2.92
5471528
2.92
5487128
2.92
5502728
2.95
5518328
2.93
5533928
2.95
5549528
2.92
5565128
2.92
5580728
2.92
5596328
2.92
5611928
2.95
5627528
2.92
5643128
2.95
5658736
2.92
5674328
2.92
5689928
2.95
5705528
2.92
5721128
2.92
5736728
2.92
5752328
2.93
5767928
2.95
5783528
2.92
5799128
2.95
5814728
2.92
5830328
2.93
5845928
2.92
5861528
2.92
5877128
2.95
5892728
2.92
5908328
2.92
5923928
2.93
5939528
2.93
5955128
2.95
5970728
2.92
5986328
2.92
6001928
2.93
6017528
2.92
6033128
2.95
6048728
2.93
6064328
2.95
6079928
2.92
6095528
2.92
6111128
2.93
6126728
2.93
6142328
2.95
6157928
2.93
6173528
2.93
6189128
2.92
6204728
2.93
6220328
2.95
6235928
2.92
6251528
2.92
6267128
2.92
6282728
2.92
6298328
2.95
6313928
2.93
6329528
2.95
6345128
2.92
6360728
0.53
7376344
0.57
7377112
0.62
7377880
0.68
7378648
0.73
7379416
1.67
7387000
2.62
7402608
2.88
7418200
2.94
7433800
2.98
7449400
3.00
7465000
3.01
7480600
3.05
7496200
3.03
7511800
3.03
7527400
3.04
7543000
3.04
7558600
3.07
7574200
3.04
7589800
3.05
7605400
3.05
7621000
3.05
7636600
3.07
7652200
3.05
7667800
3.07
7683400
3.05
7699000
3.05
7714600
3.05
7730200
3.05
7745800
3.08
7761400
3.06
7777000
3.06
7792600
3.06
7808200
3.06
7823800
3.08
7839400
3.06
7855000
3.05
7870600
3.06
7886200
3.06
7901800
3.08
7917400
3.06
7933000
3.08
7948600
3.06
7964200
3.06
7979800
3.06
7995400
3.06
8011000
3.08
8026600
3.06
8042200
3.06
8057800
3.06
8073400
3.06
8089000
3.08
8104600
3.06
8120200
3.06
8135800
3.06
8151400
3.06
8167000
3.08
8182600
3.06
8198200
3.08
8213800
3.06
8229400
3.06
8245000
3.06
8260600
3.06
8276200
3.08
8291800
3.06
8307400
3.06
8323000
3.06
8338600
3.06
8354200
3.08
8369800
3.06
8385400
3.08
8401008
3.06
8416600
3.06
8432200
3.08
8447800
3.06
8463400
3.08
8479000
3.06
8494600
3.06
8510200
3.06
8525800
3.06
8541400
3.08
8557000
3.06
8572600
3.06
8588200
3.06
8603800
3.06
8619400
3.08
8635000
3.06
8650600
3.06
8666200
3.06
8681800
3.06
8697400
3.08
8713000
3.06
8728600
3.08
8744200
3.06
8759800
3.06
8775400
3.06
8791000
3.06
8806600
3.08
8822200
3.06
8837800
3.06
8853400
0.53
9869016
0.56
9869784
0.61
9870560
0.69
9871320
0.78
9872088
1.90
9879672
2.93
9895272
3.10
9910872
3.16
9926472
3.19
9942072
3.21
9957672
3.25
9973272
3.23
9988872
3.26
10004472
3.27
10021112
3.27
10037752
3.27
10054392
3.27
10071032
3.27
10087672
3.27
10104312
3.28
10120952
3.26
10137592
3.25
10154232
3.26
10170872
3.25
10187512
3.26
10204152
3.25
10220792
3.26
10237432
3.26
10254072
3.25
10270712
3.26
10287352
3.26
10303992
3.26
10320632
3.26
10337272
3.26
10353912
3.26
10370552
3.26
10387192
3.26
10403832
3.27
10420472
3.28
10437112
3.28
10453752
3.28
10470392
3.28
10487032
3.28
10503672
3.28
10520312
3.28
10536952
3.27
10553592
3.26
10570232
3.26
10586872
3.26
10603512
3.26
10620152
3.26
10636792
3.26
10653432
3.26
10670072
3.26
10686712
3.26
10703352
3.26
10719992
3.26
10736632
3.26
10753272
3.26
10769912
3.26
10786552
3.26
10803192
3.26
10819832
3.26
10836472
3.28
10853112
3.28
10869752
3.28
10886392
3.28
10903032
3.28
10919672
3.28
10936312
3.28
10952952
3.28
10969592
3.27
10986232
3.26
11002872
3.26
11019512
3.26
11036152
3.26
11052792
3.26
11069432
3.26
11086072
3.26
11102712
3.26
11119352
3.26
11135992
3.26
11152632
3.26
11169272
3.26
11185912
3.26
11202552
3.26
11219192
3.26
11235832
3.26
11252472
3.27
11269112
3.28
11285752
3.28
11302392
3.28
11319032
3.28
11335672
3.28
11352312
3.29
11368952
3.28
11385592
3.27
11402232
3.26
11418872
3.26
11435512
0.53
12452168
0.56
12452976
0.64
12453792
0.77
12454608
0.87
12455424
2.67
12468024
3.22
12484664
3.33
12501304
3.37
12517944
3.39
12534584
3.40
12551224
3.41
12567864
3.41
12584504
3.42
12601144
3.42
12617784
3.42
12634424
3.41
12651064
3.40
12667704
3.40
12684344
3.40
12700984
3.40
12717624
3.40
12734264
3.40
12750904
3.41
12767544
3.40
12784184
3.40
12800824
3.41
12817464
3.41
12834104
3.40
12850744
3.41
12867384
3.41
12884024
3.40
12900664
3.43
12917304
3.43
12933944
3.43
12950584
3.43
12967224
3.43
12983864
3.43
13000504
3.43
13017144
3.43
13033784
3.44
13050424
3.44
13067064
3.41
13083704
3.41
13100344
3.41
13116984
3.41
13133624
3.41
13150264
3.41
13166904
3.41
13183544
3.41
13200184
3.41
13216824
3.41
13233464
3.41
13250104
3.41
13266744
3.41
13283384
3.41
13300024
3.41
13316664
3.43
13333304
3.43
13349944
3.44
13366584
3.43
13383224
3.43
13399864
3.43
13416504
3.43
13433144
3.44
13449784
3.44
13466424
3.43
13483064
3.41
13499704
3.41
13516344
3.41
13532984
3.41
13549624
3.41
13566264
3.41
13582904
3.41
13599544
3.41
13616184
3.41
13632824
3.41
13649464
3.41
13666104
3.41
13682744
3.41
13699384
3.41
13716024
3.40
13732664
3.41
13749304
3.43
13765944
3.44
13782584
3.44
13799224
3.43
13815864
3.44
13832504
3.44
13849144
3.44
13865784
3.44
13882424
3.43
13899064
3.43
13915704
3.41
13932344
3.41
13948984
3.41
13965624
3.41
13982264
3.41
13998904
3.41
14015544
3.41
14032184
0.53
15048840
0.60
15049648
0.66
15050472
0.79
15051296
0.96
15052112
2.89
15064696
3.38
15081336
3.46
