%5000amostras

v = [0.35
0.35
0.34
0.40
0.38
0.45
0.49
0.48
0.56
0.58
0.66
0.73
1.18
2.00
2.53
2.80
2.95
3.03
3.13
3.17
3.19
3.21
3.23
3.19
3.19
3.19
3.20
3.20
3.21
3.27
3.27
3.28
3.28
3.28
3.24
3.24
3.24
3.24
3.24
3.29
3.30
3.30
3.30
3.30
3.30
3.25
3.25
3.25
3.25
3.25
3.30
3.30
3.31
3.31
3.31
3.26
3.26
3.26
3.26
3.25
3.26
3.31
3.31
3.31
3.31
3.31
3.27
3.26
3.26
3.26
3.26
3.31
3.31
3.32
3.32
3.32
3.32
3.26
3.26
3.26
3.26
3.26
3.32
3.32
3.32
3.32
3.32
3.27
3.26
3.27
3.27
3.26
3.27
3.32
3.32
3.32
3.32
3.32
3.27
3.27
3.26
3.27
3.26
3.31
3.32
3.32
3.32
3.32
3.32
3.27
3.27
3.26
3.26
3.27
3.31
3.32
3.32
3.32
3.32
3.27
3.27
3.27
3.27
3.26
3.27
3.32
3.32
3.32
3.32
3.32
3.27
3.27
3.27
3.27
3.27
3.32
3.32
3.32
3.32
3.33
3.32
3.27
3.27
3.27
3.27
3.27
3.32
3.32
3.32
3.32
3.33
3.27
3.27
3.27
3.27
3.27
3.27
3.32
3.32
3.33
3.32
3.33
3.27
3.27
3.27
3.27
3.27
3.31
3.32
3.32
3.32
3.32
3.32
3.27
3.27
3.27
3.27
3.27
3.32
3.33
3.33
3.33
3.33
3.27
3.27
3.27
3.27
3.27
3.27
3.32
3.32
3.32
3.33
3.32
3.27
3.27
3.27
3.27
3.27
3.32
3.32
3.32
3.33
3.33
3.32
3.27
3.27
3.27
3.27
3.27
3.32
3.32
3.32
3.33
3.32
3.27
3.27
3.27
3.27
3.27
3.27
3.32
3.32
3.32
3.33
3.32
3.27
3.27
3.27
3.27
3.27
3.32
3.32
3.32
3.32
3.32
3.32
3.27
3.27
3.27
3.27
3.27
3.32
3.32
3.33
3.33
3.33
3.28
3.27
3.27
3.27
3.27
3.27
3.32
3.32
3.33
3.33
3.32
3.27
3.27
3.27
3.27
3.27
3.32
3.32
3.32
3.33
3.33
3.33
3.27
3.27
3.27
3.27
3.27
3.32
3.33
3.32
3.33
3.32
3.27
3.27
3.27
3.27
3.27
3.27
3.32
3.32
3.33
3.33
3.32
3.27
3.27
3.27
3.27
3.27
3.32
3.32
3.32
3.33
3.33
3.32
3.27
3.27
3.27
3.27
3.27
3.32
3.33
3.32
3.33
3.32
3.27
3.27
3.27
3.27
3.27
3.27
3.32
3.32
3.33
3.33
3.32
3.27
3.27
3.27
3.27
3.27
3.32
3.32
3.33
3.33
3.33
3.32
3.27
3.27
3.27
3.27
3.27
3.32
3.32
3.33
3.33
3.33
3.27
3.27
3.27
3.27
3.27
3.27
3.32
3.32
3.33
3.33
3.33
3.27
3.27
3.27
3.27
3.27
3.31
3.33
3.33
3.33
3.33
3.32
3.27
3.27
3.27
3.27
3.27
3.32
3.32
3.33
3.33
3.33
3.28
3.27
3.27
3.27
3.27
3.27
3.32
3.32
3.33
3.33
3.33
3.27
3.27
3.27
3.27
3.27
3.32
3.33
3.33
3.33
3.33
3.32
3.27
3.27
3.27
3.27
3.27
3.32
3.32
3.33
3.33
3.33
3.27
3.27
3.27
3.27
3.27
3.27
3.32
3.32
3.33
3.33
3.33
3.27
3.27
3.27
3.27
3.27
3.32
3.32
3.33
3.33
3.33
3.32
3.27
3.27
3.27
3.27
3.27
3.32
3.33
3.33
3.33
3.33
3.28
3.27
3.27
3.27
3.27
3.27
3.32
3.33
3.32
3.33
3.33
3.27
3.27
3.27
3.27
3.27
3.32
3.32
3.32
3.33
3.33
3.33
3.27
3.27
3.27
3.27
3.27
3.32
3.33
3.32
3.33
3.32
3.28
3.27
3.27
3.27
3.27
3.27
3.32
3.33
3.33
3.33
3.32
3.27
3.27
3.27
3.27
3.27
3.32
3.33
3.33
3.32
3.33
3.33
3.27
3.27
3.27
3.27
3.27
3.32
3.33
3.33
3.33
3.33
3.27
3.27
3.27
3.27
3.27
3.27
3.32
3.32
3.33
3.33
3.33
3.27
3.27
3.27
3.27
3.27
3.32
3.33
3.32
3.33
3.33
3.32
3.27
3.27
3.27
3.27
3.27
3.32
3.33
3.32
3.33
3.33
3.27
3.27
3.27
3.27
3.27
3.27
3.32
3.33
3.33
3.33
3.33
3.27
3.27
3.27
3.27
3.27
3.32
3.32
3.33
3.33
3.33
3.33
3.27
3.27
3.27
3.27
3.27
3.32
3.32
3.32
3.33
3.32
3.28
3.27
3.27
3.27
3.27
3.27
3.32
3.33
3.33
3.33
3.33
3.27
3.27
3.27
3.27
3.27
3.32
3.32
3.33
3.33
3.33
3.33
3.27
3.27
3.27
3.27
3.27
3.32
3.32
3.33
3.33
3.33
3.28
3.27
3.27
3.27
3.27
3.27
3.32
3.32
3.33
3.33
3.33
3.27
3.27
3.27
3.27
3.27
3.32
3.32
3.32
3.33
3.33
3.32
3.27
3.27
3.27
3.27
3.27
3.32
3.32
3.33
3.33
3.33
3.27
3.27
3.27
3.27
3.27
3.27
3.32
3.32
3.33
3.33
3.33
3.27
3.27
3.27
3.27
3.27
3.32
3.33
3.33
3.32
3.33
3.33
3.27
3.27
3.27
3.27
3.27
3.32
3.32
3.32
3.33
3.33
3.28
3.27
3.27
3.27
3.27
3.27
3.32
3.33
3.32
3.33
3.33
3.27
3.27
3.27
3.27
3.27
3.32
3.32
3.32
3.32
3.33
3.33
3.27
3.27
3.27
3.27
3.27
3.32
3.33
3.33
3.33
3.33
3.28
3.27
3.27
3.27
3.27
3.27
3.32
3.32
3.33
3.33
3.33
3.27
3.27
3.27
3.27
3.27
3.32
3.33
3.32
3.33
3.33
3.32
3.27
3.27
3.27
3.27
3.27
3.32
3.33
3.33
3.33
3.33
3.27
3.27
3.27
3.27
3.27
3.27
3.32
3.33
3.33
3.32
3.33
3.27
3.27
3.27
3.27
3.27
3.32
3.33
3.33
3.33
3.33
3.33
3.27
3.27
3.27
3.27
3.27
3.32
3.32
3.33
3.33
3.33
3.28
3.27
3.27
3.27
3.27
3.27
3.32
3.33
3.32
3.33
3.33
3.27
3.27
3.27
3.27
3.27
3.32
3.32
3.32
3.33
3.33
3.32
3.27
3.27
3.27
3.27
3.27
3.32
3.33
3.32
3.33
3.33
3.27
3.27
3.27
3.27
3.27
3.27
3.32
3.32
3.32
3.32
3.33
3.27
3.27
3.27
3.27
3.27
3.32
3.33
3.33
3.33
3.33
3.33
3.27
3.27
3.27
3.27
3.27
3.32
3.32
3.33
3.32
3.33
3.28
3.27
3.27
3.27
3.27
3.27
3.32
3.32
3.32
3.33
3.32
3.27
3.27
3.27
3.27
3.27
3.32
3.33
3.32
3.32
3.33
3.33
3.27
3.27
3.27
3.27
3.27
3.32
3.32
3.33
3.33
3.33
3.27
3.27
3.27
3.27
3.27
3.27
3.32
3.33
3.32
3.33
3.33
3.27
3.27
3.27
3.27
3.27
3.32
3.32
3.33
3.33
3.33
3.32
3.27
3.27
3.27
3.27
3.27
3.32
3.32
3.32
3.33
3.33
3.27
3.27
3.27
3.27
3.27
3.27
3.32
3.32
3.32
3.33
3.32
3.27
3.27
3.27
3.27
3.27
3.32
3.33
3.32
3.33
3.33
3.33
3.27
3.27
3.27
3.27
3.27
3.32
3.33
3.33
3.33
3.33
3.27
3.27
3.27
3.27
3.27
3.27
3.32
3.33
3.32
3.32
3.33
3.27
3.27
3.27
3.27
3.27
3.32
3.32
3.32
3.33
3.33
3.32
3.27
3.27
3.27
3.27
3.27
3.32
3.33
3.33
3.33
3.33
3.28
3.27
3.27
3.27
3.27
3.27
3.32
3.33
3.33
3.33
3.33
3.27
3.27
3.27
3.27
3.27
3.31
3.32
3.33
3.32
3.33
3.32
3.27
3.27
3.27
3.27
3.27
3.32
3.33
3.33
3.33
3.33
3.28
3.27
3.27
3.27
3.27
3.27
3.32
3.32
3.33
3.33
3.32
3.27
3.27
3.27
3.27
3.27
3.32
3.32
3.33
3.32
3.32
3.33
3.27
3.27
3.27
3.27
3.27
3.32
3.33
3.33
3.33
3.33
3.27
3.27
3.27
3.27
3.27
3.27
3.32
3.32
3.32
3.33
3.33
3.27
3.27
3.27
3.27
3.27
3.32
3.33
3.32
3.33
3.33
3.33
3.27
3.27
3.27
3.27
3.27
3.32
3.33
3.33
3.32
3.33
3.27
3.27
3.27
3.27
3.27
3.27
3.32
3.32
3.33
3.33
3.32
3.27
3.27
3.27
3.27
3.27
3.32
3.32
3.33
3.33
3.32
3.33
3.27
3.27
3.27
3.27
3.27
3.32
3.33
3.32
3.33
3.33
3.27
3.27
3.27
3.27
3.27
3.27
3.33
3.32
3.33
3.33
3.32
3.27
3.27
3.27
3.27
3.27
3.32
3.32
3.33
3.33
3.33
3.33
3.27
3.27
3.27
3.27
3.27
3.32
3.32
3.32
3.33
3.33
3.27
3.27
3.27
3.27
3.27
3.27
3.32
3.32
3.33
3.33
3.33
3.27
3.27
3.27
3.27
3.27
3.32
3.32
3.32
3.32
3.33
3.33
3.27
3.27
3.27
3.27
3.27
3.32
3.33
3.32
3.33
3.33
3.27
3.27
3.27
3.27
3.27
3.27
3.32
3.33
3.33
3.33
3.33
3.27
3.27
3.27
3.27
3.27
3.32
3.32
3.32
3.33
3.33
3.33
3.27
3.27
3.27
3.27
3.27
3.32
3.33
3.33
3.33
3.33
3.27
3.27
3.27
3.27
3.27
3.27
3.32
3.33
3.33
3.33
3.33
3.27
3.27
3.27
3.27
3.27
3.32
3.33
3.33
3.33
3.33
3.33
3.27
3.27
3.27
3.27
3.27
3.32
3.33
3.33
3.33
3.33
3.27
3.27
3.27
3.27
3.27
3.27
3.32
3.32
3.32
3.33
3.33
3.27
3.27
3.27
3.27
3.27
3.32
3.32
3.33
3.32
3.33
3.33
3.27
3.27
3.27
3.27
3.27
3.32
3.32
3.33
3.33
3.33
3.28
3.27
3.27
3.27
3.27
3.27
3.32
3.32
3.32
3.33
3.33
3.27
3.27
3.27
3.27
3.27
3.32
3.32
3.32
3.33
3.33
3.32
3.27
3.27
3.27
3.27
3.27
3.32
3.33
3.32
3.33
3.33
3.27
3.27
3.27
3.27
3.27
3.27
3.32
3.32
3.33
3.33
3.32
3.27
3.27
3.27
3.27
3.27
3.32
3.32
3.33
3.32
3.33
3.33
3.27
3.27
3.27
3.27
3.27
3.32
3.33
3.33
3.33
3.33
3.27
3.27
3.27
3.27
3.27
3.27
3.32
3.33
3.33
3.33
3.33
3.27
3.27
3.27
3.27
3.27
3.32
3.32
3.33
3.33
3.33
3.33
3.27
3.27
3.27
3.27
3.27
3.32
3.33
3.32
3.33
3.33
3.27
3.27
3.27
3.27
3.27
3.27
3.32
3.32
3.32
3.33
3.33
3.27
3.27
3.27
3.27
3.27
3.32
3.32
3.33
3.32
3.33
3.33
3.27
3.27
3.27
3.27
3.27
3.32
3.33
3.33
3.32
3.33
3.27
3.27
3.27
3.27
3.27
3.27
3.33
3.32
3.33
3.33
3.32
3.27
3.27
3.27
3.27
3.27
3.32
3.32
3.32
3.32
3.33
3.32
3.27
3.27
3.27
3.27
3.27
3.32
3.32
3.32
3.33
3.33
3.27
3.27
3.27
3.27
3.27
3.27
3.32
3.33
3.33
3.33
3.32
3.27
3.27
3.27
3.27
3.27
3.32
3.32
3.32
3.33
3.33
3.33
3.27
3.27
3.27
3.27
3.27
3.32
3.32
3.33
3.33
3.33
3.27
3.27
3.27
3.27
3.27
3.27
3.32
3.32
3.32
3.33
3.33
3.27
3.27
3.27
3.27
3.27
3.32
3.32
3.33
3.33
3.33
3.33
3.27
3.27
3.27
3.27
3.27
3.32
3.33
3.32
3.32
3.33
3.28
3.27
3.27
3.27
3.27
3.27
3.32
3.32
3.33
3.33
3.32
3.27
3.27
3.27
3.27
3.27
3.32
3.32
3.33
3.32
3.33
3.32
3.27
3.27
3.27
3.27
3.27
3.32
3.33
3.33
3.33
3.33
3.27
3.27
3.27
3.27
3.27
3.27
3.32
3.33
3.33
3.33
3.32
3.27
3.27
3.27
3.27
3.27
3.32
3.32
3.33
3.33
3.33
3.33
3.27
3.27
3.27
3.27
3.27
3.32
3.33
3.33
3.33
3.33
3.27
3.27
3.27
3.27
3.27
3.27
3.32
3.32
3.33
3.33
3.33
3.27
3.27
3.27
3.27
3.27
3.32
3.32
3.33
3.33
3.33
3.32
3.27
3.27
3.27
3.27
3.27
3.32
3.33
3.32
3.33
3.33
3.27
3.27
3.27
3.27
3.27
3.27
3.32
3.32
3.33
3.33
3.33
3.27
3.27
3.27
3.27
3.27
3.32
3.33
3.32
3.33
3.33
3.33
3.27
3.27
3.27
3.27
3.27
3.32
3.33
3.33
3.33
3.33
3.28
3.27
3.27
3.27
3.27
